36
1  0
    1.36096900e+01    1.00000000e+00
1  0
    9.09670700e+00    1.00000000e+00
1  0
    6.08158900e+00    1.00000000e+00
1  0
    1.66490000e+00    1.00000000e+00
1  0
    1.04150000e+00    1.00000000e+00
1  0
    6.95188000e-01    1.00000000e+00
1  1
    3.52547600e+01    1.00000000e+00
1  1
    2.12202500e+01    1.00000000e+00
1  1
    1.28946500e+01    1.00000000e+00
1  1
    5.75969800e+00    1.00000000e+00
1  1
    3.84570000e+00    1.00000000e+00
1  1
    2.40860000e+00    1.00000000e+00
1  1
    5.55887000e-01    1.00000000e+00
1  2
    1.38603700e+01    1.00000000e+00
1  2
    9.23632700e+00    1.00000000e+00
1  2
    5.37560000e+00    1.00000000e+00
1  2
    3.65015800e+00    1.00000000e+00
1  2
    2.48020000e+00    1.00000000e+00
1  2
    1.50271200e+00    1.00000000e+00
1  3
    2.17167500e+01    1.00000000e+00
1  3
    1.06725200e+01    1.00000000e+00
1  3
    3.96039200e+00    1.00000000e+00
1  3
    1.65080600e+00    1.00000000e+00
1  3
    6.63244000e-01    1.00000000e+00
1  3
    2.25891000e-01    1.00000000e+00
1  4
    1.28251900e+01    1.00000000e+00
1  4
    5.12174200e+00    1.00000000e+00
1  4
    2.22878900e+00    1.00000000e+00
1  4
    9.33643000e-01    1.00000000e+00
1  5
    4.21411300e+00    1.00000000e+00
1  5
    1.61147100e+00    1.00000000e+00
1  5
    7.09563000e-01    1.00000000e+00
1  6
    9.46863400e+00    1.00000000e+00
1  6
    6.32547100e+00    1.00000000e+00
1  6
    4.24230000e+00    1.00000000e+00
1  6
    6.50527000e-01    1.00000000e+00
