36
1  0
    1.48066400e+01    1.00000000e+00
1  0
    9.85507900e+00    1.00000000e+00
1  0
    6.31560000e+00    1.00000000e+00
1  0
    3.94720000e+00    1.00000000e+00
1  0
    1.22480300e+00    1.00000000e+00
1  0
    8.16165000e-01    1.00000000e+00
1  1
    3.71911200e+01    1.00000000e+00
1  1
    2.47546100e+01    1.00000000e+00
1  1
    1.64824000e+01    1.00000000e+00
1  1
    8.97139300e+00    1.00000000e+00
1  1
    5.98590000e+00    1.00000000e+00
1  1
    3.74510000e+00    1.00000000e+00
1  1
    1.06281400e+00    1.00000000e+00
1  2
    1.85226400e+01    1.00000000e+00
1  2
    1.23594000e+01    1.00000000e+00
1  2
    8.25577100e+00    1.00000000e+00
1  2
    5.51850000e+00    1.00000000e+00
1  2
    3.45240000e+00    1.00000000e+00
1  2
    1.04652200e+00    1.00000000e+00
1  3
    1.74878500e+01    1.00000000e+00
1  3
    1.16290700e+01    1.00000000e+00
1  3
    7.74272200e+00    1.00000000e+00
1  3
    5.16707900e+00    1.00000000e+00
1  3
    3.45074900e+00    1.00000000e+00
1  3
    1.82493000e-01    1.00000000e+00
1  4
    5.77815000e+01    1.00000000e+00
1  4
    5.71903100e+00    1.00000000e+00
1  4
    3.81639300e+00    1.00000000e+00
1  4
    7.55299000e-01    1.00000000e+00
1  5
    6.86518000e+00    1.00000000e+00
1  5
    4.24255200e+00    1.00000000e+00
1  5
    1.21598400e+00    1.00000000e+00
1  6
    7.08112000e+00    1.00000000e+00
1  6
    4.73116400e+00    1.00000000e+00
1  6
    3.17270000e+00    1.00000000e+00
1  6
    5.50374000e-01    1.00000000e+00
