36
1  0
    1.49066800e+01    1.00000000e+00
1  0
    9.93890400e+00    1.00000000e+00
1  0
    4.76557700e+00    1.00000000e+00
1  0
    1.92340000e+00    1.00000000e+00
1  0
    1.20270000e+00    1.00000000e+00
1  0
    8.02950000e-01    1.00000000e+00
1  1
    4.39605400e+01    1.00000000e+00
1  1
    2.92192900e+01    1.00000000e+00
1  1
    1.30975200e+01    1.00000000e+00
1  1
    6.23690200e+00    1.00000000e+00
1  1
    4.16670000e+00    1.00000000e+00
1  1
    2.60940000e+00    1.00000000e+00
1  1
    6.70519000e-01    1.00000000e+00
1  2
    1.58772700e+01    1.00000000e+00
1  2
    1.05901800e+01    1.00000000e+00
1  2
    5.95570000e+00    1.00000000e+00
1  2
    3.98876400e+00    1.00000000e+00
1  2
    2.67500000e+00    1.00000000e+00
1  2
    1.73336400e+00    1.00000000e+00
1  3
    2.99981300e+01    1.00000000e+00
1  3
    1.16811700e+01    1.00000000e+00
1  3
    5.03570300e+00    1.00000000e+00
1  3
    1.77310300e+00    1.00000000e+00
1  3
    7.51984000e-01    1.00000000e+00
1  3
    2.51902000e-01    1.00000000e+00
1  4
    1.41060300e+01    1.00000000e+00
1  4
    6.13184700e+00    1.00000000e+00
1  4
    2.51941900e+00    1.00000000e+00
1  4
    1.05084900e+00    1.00000000e+00
1  5
    4.75078900e+00    1.00000000e+00
1  5
    1.82224400e+00    1.00000000e+00
1  5
    8.12819000e-01    1.00000000e+00
1  6
    1.03795400e+01    1.00000000e+00
1  6
    6.93162300e+00    1.00000000e+00
1  6
    4.64280000e+00    1.00000000e+00
1  6
    7.56654000e-01    1.00000000e+00
