57
1  0
    1.99783096e+03    1.00000000e+00
1  0
    1.09490271e+03    1.00000000e+00
1  0
    4.95754448e+02    1.00000000e+00
1  0
    1.93438445e+02    1.00000000e+00
1  0
    7.87650713e+01    1.00000000e+00
1  0
    3.01315008e+01    1.00000000e+00
1  0
    1.43130162e+01    1.00000000e+00
1  0
    6.55482606e+00    1.00000000e+00
1  0
    3.93930633e+00    1.00000000e+00
1  0
    2.01007890e+00    1.00000000e+00
1  0
    1.06576950e+00    1.00000000e+00
1  0
    6.48976968e-01    1.00000000e+00
1  0
    3.68618534e-01    1.00000000e+00
1  0
    1.14896516e-01    1.00000000e+00
1  1
    6.52968670e+02    1.00000000e+00
1  1
    1.75067457e+02    1.00000000e+00
1  1
    3.97919401e+01    1.00000000e+00
1  1
    1.60680166e+01    1.00000000e+00
1  1
    6.78097784e+00    1.00000000e+00
1  1
    4.13026229e+00    1.00000000e+00
1  1
    2.17007036e+00    1.00000000e+00
1  1
    1.01247111e+00    1.00000000e+00
1  1
    5.46827889e-01    1.00000000e+00
1  1
    2.89317225e-01    1.00000000e+00
1  1
    1.28646386e-01    1.00000000e+00
1  1
    4.30821975e-02    1.00000000e+00
1  2
    1.48722135e+02    1.00000000e+00
1  2
    4.51369172e+01    1.00000000e+00
1  2
    1.69234469e+01    1.00000000e+00
1  2
    5.66944129e+00    1.00000000e+00
1  2
    3.03321608e+00    1.00000000e+00
1  2
    1.61313931e+00    1.00000000e+00
1  2
    9.43850472e-01    1.00000000e+00
1  2
    5.00877475e-01    1.00000000e+00
1  2
    1.48584617e-01    1.00000000e+00
1  2
    5.21462610e-02    1.00000000e+00
1  3
    3.72370090e+01    1.00000000e+00
1  3
    6.52733482e+00    1.00000000e+00
1  3
    3.94825754e+00    1.00000000e+00
1  3
    1.92547818e+00    1.00000000e+00
1  3
    1.13124134e+00    1.00000000e+00
1  3
    6.18912163e-01    1.00000000e+00
1  3
    2.55594648e-01    1.00000000e+00
1  3
    7.84685796e-02    1.00000000e+00
1  4
    1.24719771e+01    1.00000000e+00
1  4
    4.19979373e+00    1.00000000e+00
1  4
    2.52131808e+00    1.00000000e+00
1  4
    1.18945787e+00    1.00000000e+00
1  4
    6.42639413e-01    1.00000000e+00
1  4
    2.14237961e-01    1.00000000e+00
1  5
    5.18109760e+00    1.00000000e+00
1  5
    2.52666464e+00    1.00000000e+00
1  5
    1.11997697e+00    1.00000000e+00
1  5
    4.42075124e-01    1.00000000e+00
1  6
    4.18249762e+00    1.00000000e+00
1  6
    2.16497799e+00    1.00000000e+00
1  6
    9.40198302e-01    1.00000000e+00
