36
1  0
    1.61487700e+01    1.00000000e+00
1  0
    9.76432700e+00    1.00000000e+00
1  0
    5.86940000e+00    1.00000000e+00
1  0
    3.67820000e+00    1.00000000e+00
1  0
    2.08572400e+00    1.00000000e+00
1  0
    4.28963000e-01    1.00000000e+00
1  1
    2.48549400e+01    1.00000000e+00
1  1
    1.65811800e+01    1.00000000e+00
1  1
    1.10724000e+01    1.00000000e+00
1  1
    7.37413100e+00    1.00000000e+00
1  1
    4.15980000e+00    1.00000000e+00
1  1
    2.77743400e+00    1.00000000e+00
1  1
    1.10100400e+00    1.00000000e+00
1  2
    2.23648300e+01    1.00000000e+00
1  2
    1.47227600e+01    1.00000000e+00
1  2
    9.47110000e+00    1.00000000e+00
1  2
    5.94050000e+00    1.00000000e+00
1  2
    2.36274300e+00    1.00000000e+00
1  2
    9.82049000e-01    1.00000000e+00
1  3
    4.24996600e+01    1.00000000e+00
1  3
    1.91561100e+01    1.00000000e+00
1  3
    6.82366500e+00    1.00000000e+00
1  3
    2.27178300e+00    1.00000000e+00
1  3
    8.60824000e-01    1.00000000e+00
1  3
    2.70853000e-01    1.00000000e+00
1  4
    1.97019600e+01    1.00000000e+00
1  4
    5.00715000e+00    1.00000000e+00
1  4
    2.09486700e+00    1.00000000e+00
1  4
    6.24636000e-01    1.00000000e+00
1  5
    1.53095900e+01    1.00000000e+00
1  5
    3.73842300e+00    1.00000000e+00
1  5
    5.25565000e-01    1.00000000e+00
1  6
    2.31730000e+01    1.00000000e+00
1  6
    1.02939000e+01    1.00000000e+00
1  6
    3.40768500e+00    1.00000000e+00
1  6
    9.30645000e-01    1.00000000e+00
