57
1  0
    1.98839433e+03    1.00000000e+00
1  0
    1.09760318e+03    1.00000000e+00
1  0
    4.87371588e+02    1.00000000e+00
1  0
    1.88997426e+02    1.00000000e+00
1  0
    8.82961915e+01    1.00000000e+00
1  0
    4.17413345e+01    1.00000000e+00
1  0
    1.13483739e+01    1.00000000e+00
1  0
    5.19237808e+00    1.00000000e+00
1  0
    2.40306487e+00    1.00000000e+00
1  0
    1.30387303e+00    1.00000000e+00
1  0
    6.56445501e-01    1.00000000e+00
1  0
    2.61133722e-01    1.00000000e+00
1  0
    1.56337041e-01    1.00000000e+00
1  0
    8.84860144e-02    1.00000000e+00
1  1
    5.44379195e+02    1.00000000e+00
1  1
    1.69943226e+02    1.00000000e+00
1  1
    4.62983670e+01    1.00000000e+00
1  1
    1.87097145e+01    1.00000000e+00
1  1
    1.09195310e+01    1.00000000e+00
1  1
    5.04839566e+00    1.00000000e+00
1  1
    2.46420845e+00    1.00000000e+00
1  1
    1.39237620e+00    1.00000000e+00
1  1
    6.01238895e-01    1.00000000e+00
1  1
    2.84248102e-01    1.00000000e+00
1  1
    1.56648659e-01    1.00000000e+00
1  1
    8.10049011e-02    1.00000000e+00
1  2
    1.43233287e+02    1.00000000e+00
1  2
    3.50796164e+01    1.00000000e+00
1  2
    1.43431365e+01    1.00000000e+00
1  2
    8.80259386e+00    1.00000000e+00
1  2
    4.45031164e+00    1.00000000e+00
1  2
    2.30128847e+00    1.00000000e+00
1  2
    1.48585848e+00    1.00000000e+00
1  2
    6.63450080e-01    1.00000000e+00
1  2
    2.77298189e-01    1.00000000e+00
1  2
    1.19083682e-01    1.00000000e+00
1  3
    6.04744977e+01    1.00000000e+00
1  3
    1.18270494e+01    1.00000000e+00
1  3
    7.95733680e+00    1.00000000e+00
1  3
    4.06359118e+00    1.00000000e+00
1  3
    2.00955619e+00    1.00000000e+00
1  3
    9.20590061e-01    1.00000000e+00
1  3
    5.41261962e-01    1.00000000e+00
1  3
    2.73008436e-01    1.00000000e+00
1  4
    2.33440233e+01    1.00000000e+00
1  4
    8.29687402e+00    1.00000000e+00
1  4
    4.81202602e+00    1.00000000e+00
1  4
    2.17883879e+00    1.00000000e+00
1  4
    1.16292222e+00    1.00000000e+00
1  4
    4.45528093e-01    1.00000000e+00
1  5
    1.11286719e+01    1.00000000e+00
1  5
    5.77352625e+00    1.00000000e+00
1  5
    2.48511906e+00    1.00000000e+00
1  5
    9.15201054e-01    1.00000000e+00
1  6
    8.81047565e+00    1.00000000e+00
1  6
    4.79686596e+00    1.00000000e+00
1  6
    2.29594151e+00    1.00000000e+00
