36
1  0
    1.44226800e+01    1.00000000e+00
1  0
    9.64256000e+00    1.00000000e+00
1  0
    6.45195700e+00    1.00000000e+00
1  0
    4.30331700e+00    1.00000000e+00
1  0
    1.82560000e+00    1.00000000e+00
1  0
    1.14140000e+00    1.00000000e+00
1  1
    3.14829000e+01    1.00000000e+00
1  1
    2.09713100e+01    1.00000000e+00
1  1
    1.39783600e+01    1.00000000e+00
1  1
    9.31067500e+00    1.00000000e+00
1  1
    6.20270000e+00    1.00000000e+00
1  1
    3.88250000e+00    1.00000000e+00
1  1
    1.04669400e+00    1.00000000e+00
1  2
    3.61835600e+01    1.00000000e+00
1  2
    8.55045800e+00    1.00000000e+00
1  2
    5.70335600e+00    1.00000000e+00
1  2
    3.79830000e+00    1.00000000e+00
1  2
    2.14170000e+00    1.00000000e+00
1  2
    1.12065400e+00    1.00000000e+00
1  3
    1.96282800e+01    1.00000000e+00
1  3
    1.30604100e+01    1.00000000e+00
1  3
    8.69792500e+00    1.00000000e+00
1  3
    5.79803600e+00    1.00000000e+00
1  3
    3.86929300e+00    1.00000000e+00
1  3
    2.06558000e-01    1.00000000e+00
1  4
    3.35988600e+01    1.00000000e+00
1  4
    6.33194500e+00    1.00000000e+00
1  4
    4.23813400e+00    1.00000000e+00
1  4
    8.45586000e-01    1.00000000e+00
1  5
    6.87497100e+00    1.00000000e+00
1  5
    4.09617400e+00    1.00000000e+00
1  5
    1.38040500e+00    1.00000000e+00
1  6
    7.53815800e+00    1.00000000e+00
1  6
    5.03466600e+00    1.00000000e+00
1  6
    3.37250000e+00    1.00000000e+00
1  6
    6.20177000e-01    1.00000000e+00
