57
1  0
    2.00260663e+03    1.00000000e+00
1  0
    1.09788431e+03    1.00000000e+00
1  0
    4.97567040e+02    1.00000000e+00
1  0
    1.96467781e+02    1.00000000e+00
1  0
    8.48737527e+01    1.00000000e+00
1  0
    3.25725353e+01    1.00000000e+00
1  0
    1.02323296e+01    1.00000000e+00
1  0
    5.23487407e+00    1.00000000e+00
1  0
    2.55332216e+00    1.00000000e+00
1  0
    1.23233836e+00    1.00000000e+00
1  0
    6.56508152e-01    1.00000000e+00
1  0
    3.59800944e-01    1.00000000e+00
1  0
    1.46894322e-01    1.00000000e+00
1  0
    5.58324744e-02    1.00000000e+00
1  1
    6.53765412e+02    1.00000000e+00
1  1
    1.83281460e+02    1.00000000e+00
1  1
    5.22567564e+01    1.00000000e+00
1  1
    1.67382139e+01    1.00000000e+00
1  1
    9.01895420e+00    1.00000000e+00
1  1
    4.08271027e+00    1.00000000e+00
1  1
    1.80448685e+00    1.00000000e+00
1  1
    1.01765108e+00    1.00000000e+00
1  1
    5.76296762e-01    1.00000000e+00
1  1
    3.25678774e-01    1.00000000e+00
1  1
    1.60329931e-01    1.00000000e+00
1  1
    7.02354234e-02    1.00000000e+00
1  2
    1.48597135e+02    1.00000000e+00
1  2
    4.45093527e+01    1.00000000e+00
1  2
    1.99501226e+01    1.00000000e+00
1  2
    6.16133279e+00    1.00000000e+00
1  2
    3.38905609e+00    1.00000000e+00
1  2
    1.52315299e+00    1.00000000e+00
1  2
    8.45645009e-01    1.00000000e+00
1  2
    4.68210948e-01    1.00000000e+00
1  2
    2.10608297e-01    1.00000000e+00
1  2
    7.96055781e-02    1.00000000e+00
1  3
    4.13192602e+01    1.00000000e+00
1  3
    7.59562419e+00    1.00000000e+00
1  3
    4.56625271e+00    1.00000000e+00
1  3
    2.28785963e+00    1.00000000e+00
1  3
    1.20761742e+00    1.00000000e+00
1  3
    6.06831699e-01    1.00000000e+00
1  3
    3.30896315e-01    1.00000000e+00
1  3
    1.20142398e-01    1.00000000e+00
1  4
    1.40994305e+01    1.00000000e+00
1  4
    4.90107934e+00    1.00000000e+00
1  4
    2.67433739e+00    1.00000000e+00
1  4
    1.24613496e+00    1.00000000e+00
1  4
    6.75162179e-01    1.00000000e+00
1  4
    2.63331061e-01    1.00000000e+00
1  5
    6.08338496e+00    1.00000000e+00
1  5
    3.00765439e+00    1.00000000e+00
1  5
    1.29308010e+00    1.00000000e+00
1  5
    4.78956168e-01    1.00000000e+00
1  6
    4.20042501e+00    1.00000000e+00
1  6
    2.25219077e+00    1.00000000e+00
1  6
    1.05909008e+00    1.00000000e+00
