57
1  0
    1.83003729e+03    1.00000000e+00
1  0
    1.01381939e+03    1.00000000e+00
1  0
    4.63206633e+02    1.00000000e+00
1  0
    1.86050492e+02    1.00000000e+00
1  0
    8.32460082e+01    1.00000000e+00
1  0
    3.61676178e+01    1.00000000e+00
1  0
    1.47860738e+01    1.00000000e+00
1  0
    4.14534235e+00    1.00000000e+00
1  0
    2.71618645e+00    1.00000000e+00
1  0
    1.18846523e+00    1.00000000e+00
1  0
    6.73591073e-01    1.00000000e+00
1  0
    4.73613098e-01    1.00000000e+00
1  0
    1.82870103e-01    1.00000000e+00
1  0
    4.90561401e-02    1.00000000e+00
1  1
    5.95751359e+02    1.00000000e+00
1  1
    1.42489427e+02    1.00000000e+00
1  1
    3.52869146e+01    1.00000000e+00
1  1
    9.43837276e+00    1.00000000e+00
1  1
    6.23960153e+00    1.00000000e+00
1  1
    2.39001841e+00    1.00000000e+00
1  1
    1.01843976e+00    1.00000000e+00
1  1
    7.88226483e-01    1.00000000e+00
1  1
    5.85969267e-01    1.00000000e+00
1  1
    3.63049148e-01    1.00000000e+00
1  1
    1.64344779e-01    1.00000000e+00
1  1
    6.17700274e-02    1.00000000e+00
1  2
    1.33660388e+02    1.00000000e+00
1  2
    4.45322395e+01    1.00000000e+00
1  2
    1.91551588e+01    1.00000000e+00
1  2
    9.16877633e+00    1.00000000e+00
1  2
    3.91631331e+00    1.00000000e+00
1  2
    1.67241448e+00    1.00000000e+00
1  2
    9.80283673e-01    1.00000000e+00
1  2
    4.66110413e-01    1.00000000e+00
1  2
    2.64761469e-01    1.00000000e+00
1  2
    6.81415856e-02    1.00000000e+00
1  3
    2.68153266e+01    1.00000000e+00
1  3
    5.50019768e+00    1.00000000e+00
1  3
    4.08756569e+00    1.00000000e+00
1  3
    1.76773689e+00    1.00000000e+00
1  3
    8.08236527e-01    1.00000000e+00
1  3
    3.75729930e-01    1.00000000e+00
1  3
    2.03065621e-01    1.00000000e+00
1  3
    8.04830202e-02    1.00000000e+00
1  4
    9.22293167e+00    1.00000000e+00
1  4
    2.92428461e+00    1.00000000e+00
1  4
    1.35165778e+00    1.00000000e+00
1  4
    6.14825830e-01    1.00000000e+00
1  4
    3.30873349e-01    1.00000000e+00
1  4
    9.11258373e-02    1.00000000e+00
1  5
    1.82396920e+00    1.00000000e+00
1  5
    9.02324792e-01    1.00000000e+00
1  5
    3.15172810e-01    1.00000000e+00
1  5
    9.62989782e-02    1.00000000e+00
1  6
    1.72127141e+00    1.00000000e+00
1  6
    6.73590010e-01    1.00000000e+00
1  6
    2.46825510e-01    1.00000000e+00
