57
1  0
    1.99897162e+03    1.00000000e+00
1  0
    1.09786732e+03    1.00000000e+00
1  0
    4.98333157e+02    1.00000000e+00
1  0
    1.97718116e+02    1.00000000e+00
1  0
    8.71079983e+01    1.00000000e+00
1  0
    3.72910562e+01    1.00000000e+00
1  0
    1.38290058e+01    1.00000000e+00
1  0
    6.25731257e+00    1.00000000e+00
1  0
    2.65458140e+00    1.00000000e+00
1  0
    9.80769921e-01    1.00000000e+00
1  0
    6.27723952e-01    1.00000000e+00
1  0
    2.11123935e-01    1.00000000e+00
1  0
    1.68193703e-01    1.00000000e+00
1  0
    1.00970123e-01    1.00000000e+00
1  1
    6.51517313e+02    1.00000000e+00
1  1
    1.78760543e+02    1.00000000e+00
1  1
    4.58826045e+01    1.00000000e+00
1  1
    1.79349077e+01    1.00000000e+00
1  1
    8.50288371e+00    1.00000000e+00
1  1
    4.98753091e+00    1.00000000e+00
1  1
    2.49858061e+00    1.00000000e+00
1  1
    1.03121134e+00    1.00000000e+00
1  1
    6.13866141e-01    1.00000000e+00
1  1
    3.23925483e-01    1.00000000e+00
1  1
    2.14367989e-01    1.00000000e+00
1  1
    6.17260271e-02    1.00000000e+00
1  2
    1.49305780e+02    1.00000000e+00
1  2
    4.52931744e+01    1.00000000e+00
1  2
    2.01755706e+01    1.00000000e+00
1  2
    9.70382242e+00    1.00000000e+00
1  2
    4.23769503e+00    1.00000000e+00
1  2
    2.11250232e+00    1.00000000e+00
1  2
    1.02114471e+00    1.00000000e+00
1  2
    5.33274234e-01    1.00000000e+00
1  2
    2.66310859e-01    1.00000000e+00
1  2
    1.21402854e-01    1.00000000e+00
1  3
    3.31234921e+01    1.00000000e+00
1  3
    5.75611261e+00    1.00000000e+00
1  3
    3.18893325e+00    1.00000000e+00
1  3
    1.54970286e+00    1.00000000e+00
1  3
    8.28844374e-01    1.00000000e+00
1  3
    4.27763193e-01    1.00000000e+00
1  3
    2.50206060e-01    1.00000000e+00
1  3
    7.88398044e-02    1.00000000e+00
1  4
    1.00669094e+01    1.00000000e+00
1  4
    3.33663364e+00    1.00000000e+00
1  4
    1.85991462e+00    1.00000000e+00
1  4
    8.54418020e-01    1.00000000e+00
1  4
    4.13867266e-01    1.00000000e+00
1  4
    1.52458921e-01    1.00000000e+00
1  5
    3.96680936e+00    1.00000000e+00
1  5
    1.99021989e+00    1.00000000e+00
1  5
    7.87208077e-01    1.00000000e+00
1  5
    2.64178321e-01    1.00000000e+00
1  6
    3.17113790e+00    1.00000000e+00
1  6
    1.66257517e+00    1.00000000e+00
1  6
    6.35733170e-01    1.00000000e+00
