36
1  0
    1.89142800e+01    1.00000000e+00
1  0
    9.95091700e+00    1.00000000e+00
1  0
    6.63910000e+00    1.00000000e+00
1  0
    4.16050000e+00    1.00000000e+00
1  0
    1.88685200e+00    1.00000000e+00
1  0
    4.57764000e-01    1.00000000e+00
1  1
    2.72220900e+01    1.00000000e+00
1  1
    1.81883100e+01    1.00000000e+00
1  1
    1.21658000e+01    1.00000000e+00
1  1
    6.62800000e+00    1.00000000e+00
1  1
    4.41040000e+00    1.00000000e+00
1  1
    2.94318800e+00    1.00000000e+00
1  1
    1.07021700e+00    1.00000000e+00
1  2
    2.83044500e+01    1.00000000e+00
1  2
    1.60328200e+01    1.00000000e+00
1  2
    1.06203000e+01    1.00000000e+00
1  2
    6.66210000e+00    1.00000000e+00
1  2
    4.22372100e+00    1.00000000e+00
1  2
    1.31018800e+00    1.00000000e+00
1  3
    5.44625200e+01    1.00000000e+00
1  3
    2.29402400e+01    1.00000000e+00
1  3
    7.32291800e+00    1.00000000e+00
1  3
    2.76626300e+00    1.00000000e+00
1  3
    9.53681000e-01    1.00000000e+00
1  3
    3.13214000e-01    1.00000000e+00
1  4
    2.45217100e+01    1.00000000e+00
1  4
    5.47367400e+00    1.00000000e+00
1  4
    1.91782800e+00    1.00000000e+00
1  4
    7.39503000e-01    1.00000000e+00
1  5
    1.52528700e+01    1.00000000e+00
1  5
    4.73328600e+00    1.00000000e+00
1  5
    6.39418000e-01    1.00000000e+00
1  6
    2.17245700e+01    1.00000000e+00
1  6
    1.14367000e+01    1.00000000e+00
1  6
    1.86979200e+00    1.00000000e+00
1  6
    8.91341000e-01    1.00000000e+00
