57
1  0
    1.99767479e+03    1.00000000e+00
1  0
    1.09713660e+03    1.00000000e+00
1  0
    4.95739781e+02    1.00000000e+00
1  0
    1.95977594e+02    1.00000000e+00
1  0
    8.71556208e+01    1.00000000e+00
1  0
    3.51415876e+01    1.00000000e+00
1  0
    9.70034689e+00    1.00000000e+00
1  0
    5.62523885e+00    1.00000000e+00
1  0
    3.34796194e+00    1.00000000e+00
1  0
    1.50030657e+00    1.00000000e+00
1  0
    9.65198547e-01    1.00000000e+00
1  0
    4.81348935e-01    1.00000000e+00
1  0
    1.67012107e-01    1.00000000e+00
1  0
    3.74663748e-02    1.00000000e+00
1  1
    6.38268019e+02    1.00000000e+00
1  1
    1.84237398e+02    1.00000000e+00
1  1
    4.88199817e+01    1.00000000e+00
1  1
    1.57019993e+01    1.00000000e+00
1  1
    6.94870185e+00    1.00000000e+00
1  1
    3.45058814e+00    1.00000000e+00
1  1
    2.03731859e+00    1.00000000e+00
1  1
    1.17982224e+00    1.00000000e+00
1  1
    5.72084095e-01    1.00000000e+00
1  1
    2.41117366e-01    1.00000000e+00
1  1
    1.07469587e-01    1.00000000e+00
1  1
    2.37795819e-02    1.00000000e+00
1  2
    1.46488802e+02    1.00000000e+00
1  2
    4.47470156e+01    1.00000000e+00
1  2
    1.94944562e+01    1.00000000e+00
1  2
    1.02665689e+01    1.00000000e+00
1  2
    4.65812290e+00    1.00000000e+00
1  2
    2.60050808e+00    1.00000000e+00
1  2
    1.30126632e+00    1.00000000e+00
1  2
    5.88906180e-01    1.00000000e+00
1  2
    2.36466338e-01    1.00000000e+00
1  2
    1.72524575e-01    1.00000000e+00
1  3
    5.40695760e+01    1.00000000e+00
1  3
    1.10998341e+01    1.00000000e+00
1  3
    6.71189810e+00    1.00000000e+00
1  3
    3.49282348e+00    1.00000000e+00
1  3
    1.66837360e+00    1.00000000e+00
1  3
    7.21447042e-01    1.00000000e+00
1  3
    3.25458594e-01    1.00000000e+00
1  3
    1.42236502e-01    1.00000000e+00
1  4
    1.98398613e+01    1.00000000e+00
1  4
    7.06527120e+00    1.00000000e+00
1  4
    3.80056190e+00    1.00000000e+00
1  4
    1.73177677e+00    1.00000000e+00
1  4
    7.88317491e-01    1.00000000e+00
1  4
    2.85176760e-01    1.00000000e+00
1  5
    9.67574051e+00    1.00000000e+00
1  5
    4.90924460e+00    1.00000000e+00
1  5
    2.11736487e+00    1.00000000e+00
1  5
    7.59530474e-01    1.00000000e+00
1  6
    7.59397165e+00    1.00000000e+00
1  6
    4.14294064e+00    1.00000000e+00
1  6
    1.87424495e+00    1.00000000e+00
