57
1  0
    2.01358147e+03    1.00000000e+00
1  0
    1.10526741e+03    1.00000000e+00
1  0
    5.01788520e+02    1.00000000e+00
1  0
    1.98729083e+02    1.00000000e+00
1  0
    8.77142642e+01    1.00000000e+00
1  0
    3.79231456e+01    1.00000000e+00
1  0
    1.59277157e+01    1.00000000e+00
1  0
    6.62799911e+00    1.00000000e+00
1  0
    2.31095900e+00    1.00000000e+00
1  0
    1.17656964e+00    1.00000000e+00
1  0
    8.33327772e-01    1.00000000e+00
1  0
    4.22940648e-01    1.00000000e+00
1  0
    1.74547561e-01    1.00000000e+00
1  0
    5.71256298e-02    1.00000000e+00
1  1
    6.54344974e+02    1.00000000e+00
1  1
    1.80326941e+02    1.00000000e+00
1  1
    5.23289154e+01    1.00000000e+00
1  1
    1.87358719e+01    1.00000000e+00
1  1
    8.97085065e+00    1.00000000e+00
1  1
    4.99057495e+00    1.00000000e+00
1  1
    2.24382751e+00    1.00000000e+00
1  1
    9.99558565e-01    1.00000000e+00
1  1
    5.89075018e-01    1.00000000e+00
1  1
    3.90526721e-01    1.00000000e+00
1  1
    2.35070914e-01    1.00000000e+00
1  1
    9.32682208e-02    1.00000000e+00
1  2
    1.50283562e+02    1.00000000e+00
1  2
    4.34474293e+01    1.00000000e+00
1  2
    1.67486525e+01    1.00000000e+00
1  2
    8.42934358e+00    1.00000000e+00
1  2
    3.62037752e+00    1.00000000e+00
1  2
    1.70457396e+00    1.00000000e+00
1  2
    1.00804054e+00    1.00000000e+00
1  2
    5.24417687e-01    1.00000000e+00
1  2
    2.35815075e-01    1.00000000e+00
1  2
    7.41956925e-02    1.00000000e+00
1  3
    4.18978636e+01    1.00000000e+00
1  3
    1.92269864e+01    1.00000000e+00
1  3
    4.69563309e+00    1.00000000e+00
1  3
    2.14440414e+00    1.00000000e+00
1  3
    1.06459683e+00    1.00000000e+00
1  3
    4.97277306e-01    1.00000000e+00
1  3
    2.11210005e-01    1.00000000e+00
1  3
    6.26671618e-02    1.00000000e+00
1  4
    8.20995117e+00    1.00000000e+00
1  4
    2.52382799e+00    1.00000000e+00
1  4
    1.39639595e+00    1.00000000e+00
1  4
    7.52663275e-01    1.00000000e+00
1  4
    3.32496935e-01    1.00000000e+00
1  4
    6.45325213e-02    1.00000000e+00
1  5
    2.95883946e+00    1.00000000e+00
1  5
    1.36990533e+00    1.00000000e+00
1  5
    5.88426159e-01    1.00000000e+00
1  5
    1.65104285e-01    1.00000000e+00
1  6
    1.44620581e+00    1.00000000e+00
1  6
    4.91816472e-01    1.00000000e+00
1  6
    1.52886584e-01    1.00000000e+00
