57
1  0
    1.99491717e+03    1.00000000e+00
1  0
    1.09608880e+03    1.00000000e+00
1  0
    4.91851965e+02    1.00000000e+00
1  0
    1.92483470e+02    1.00000000e+00
1  0
    8.41477349e+01    1.00000000e+00
1  0
    3.38312750e+01    1.00000000e+00
1  0
    9.94895719e+00    1.00000000e+00
1  0
    4.07999746e+00    1.00000000e+00
1  0
    2.11723448e+00    1.00000000e+00
1  0
    1.18666644e+00    1.00000000e+00
1  0
    4.67019242e-01    1.00000000e+00
1  0
    1.56194956e-01    1.00000000e+00
1  0
    9.67165439e-02    1.00000000e+00
1  0
    4.28827291e-02    1.00000000e+00
1  1
    6.49149762e+02    1.00000000e+00
1  1
    1.81908386e+02    1.00000000e+00
1  1
    4.30374069e+01    1.00000000e+00
1  1
    1.46226229e+01    1.00000000e+00
1  1
    6.15918723e+00    1.00000000e+00
1  1
    2.84638596e+00    1.00000000e+00
1  1
    1.81943537e+00    1.00000000e+00
1  1
    1.02837853e+00    1.00000000e+00
1  1
    5.87449303e-01    1.00000000e+00
1  1
    2.45996699e-01    1.00000000e+00
1  1
    9.90161594e-02    1.00000000e+00
1  1
    4.12844490e-02    1.00000000e+00
1  2
    1.50046396e+02    1.00000000e+00
1  2
    4.42752824e+01    1.00000000e+00
1  2
    1.99669860e+01    1.00000000e+00
1  2
    8.06113273e+00    1.00000000e+00
1  2
    4.26172621e+00    1.00000000e+00
1  2
    2.13352741e+00    1.00000000e+00
1  2
    1.11033108e+00    1.00000000e+00
1  2
    5.91131055e-01    1.00000000e+00
1  2
    2.37431389e-01    1.00000000e+00
1  2
    9.93910659e-02    1.00000000e+00
1  3
    5.00947441e+01    1.00000000e+00
1  3
    9.57084082e+00    1.00000000e+00
1  3
    6.19255535e+00    1.00000000e+00
1  3
    3.04660881e+00    1.00000000e+00
1  3
    1.58133231e+00    1.00000000e+00
1  3
    7.31563681e-01    1.00000000e+00
1  3
    4.14858845e-01    1.00000000e+00
1  3
    1.46515512e-01    1.00000000e+00
1  4
    1.83790206e+01    1.00000000e+00
1  4
    6.48529543e+00    1.00000000e+00
1  4
    3.66713260e+00    1.00000000e+00
1  4
    1.65092376e+00    1.00000000e+00
1  4
    8.98389141e-01    1.00000000e+00
1  4
    3.45749561e-01    1.00000000e+00
1  5
    8.38522115e+00    1.00000000e+00
1  5
    4.19013312e+00    1.00000000e+00
1  5
    1.83906752e+00    1.00000000e+00
1  5
    6.92942080e-01    1.00000000e+00
1  6
    6.48170582e+00    1.00000000e+00
1  6
    3.50350957e+00    1.00000000e+00
1  6
    1.58454335e+00    1.00000000e+00
