57
1  0
    2.00592184e+03    1.00000000e+00
1  0
    1.10094032e+03    1.00000000e+00
1  0
    5.03120133e+02    1.00000000e+00
1  0
    2.00004378e+02    1.00000000e+00
1  0
    8.66948065e+01    1.00000000e+00
1  0
    3.49794376e+01    1.00000000e+00
1  0
    1.10996688e+01    1.00000000e+00
1  0
    4.91954962e+00    1.00000000e+00
1  0
    2.67572940e+00    1.00000000e+00
1  0
    1.45166034e+00    1.00000000e+00
1  0
    6.68076990e-01    1.00000000e+00
1  0
    3.34668499e-01    1.00000000e+00
1  0
    1.77919598e-01    1.00000000e+00
1  0
    7.85053676e-02    1.00000000e+00
1  1
    6.49920771e+02    1.00000000e+00
1  1
    1.84404557e+02    1.00000000e+00
1  1
    3.99481229e+01    1.00000000e+00
1  1
    1.66772429e+01    1.00000000e+00
1  1
    9.33987985e+00    1.00000000e+00
1  1
    3.95778992e+00    1.00000000e+00
1  1
    1.98161705e+00    1.00000000e+00
1  1
    9.52606965e-01    1.00000000e+00
1  1
    4.78462733e-01    1.00000000e+00
1  1
    2.07390857e-01    1.00000000e+00
1  1
    9.94362021e-02    1.00000000e+00
1  1
    4.38507509e-02    1.00000000e+00
1  2
    1.47641597e+02    1.00000000e+00
1  2
    4.68625067e+01    1.00000000e+00
1  2
    1.70605373e+01    1.00000000e+00
1  2
    7.54656936e+00    1.00000000e+00
1  2
    3.80370433e+00    1.00000000e+00
1  2
    1.80648302e+00    1.00000000e+00
1  2
    9.17534651e-01    1.00000000e+00
1  2
    4.39336484e-01    1.00000000e+00
1  2
    1.82183611e-01    1.00000000e+00
1  2
    1.03970902e-01    1.00000000e+00
1  3
    4.23204399e+01    1.00000000e+00
1  3
    9.95881009e+00    1.00000000e+00
1  3
    5.25952066e+00    1.00000000e+00
1  3
    2.71053439e+00    1.00000000e+00
1  3
    1.24761691e+00    1.00000000e+00
1  3
    6.45788518e-01    1.00000000e+00
1  3
    2.70203206e-01    1.00000000e+00
1  3
    9.53521992e-02    1.00000000e+00
1  4
    1.51903675e+01    1.00000000e+00
1  4
    5.25390969e+00    1.00000000e+00
1  4
    2.62484717e+00    1.00000000e+00
1  4
    1.16701429e+00    1.00000000e+00
1  4
    5.49379321e-01    1.00000000e+00
1  4
    2.10884512e-01    1.00000000e+00
1  5
    7.04135528e+00    1.00000000e+00
1  5
    3.58309757e+00    1.00000000e+00
1  5
    1.47510694e+00    1.00000000e+00
1  5
    5.27532394e-01    1.00000000e+00
1  6
    6.42506869e+00    1.00000000e+00
1  6
    3.09648513e+00    1.00000000e+00
1  6
    1.27786004e+00    1.00000000e+00
