57
1  0
    1.98391465e+03    1.00000000e+00
1  0
    1.08724383e+03    1.00000000e+00
1  0
    4.79621780e+02    1.00000000e+00
1  0
    1.75952868e+02    1.00000000e+00
1  0
    7.42021512e+01    1.00000000e+00
1  0
    3.86672002e+01    1.00000000e+00
1  0
    1.02361014e+01    1.00000000e+00
1  0
    6.22040869e+00    1.00000000e+00
1  0
    2.12718963e+00    1.00000000e+00
1  0
    1.11594016e+00    1.00000000e+00
1  0
    3.73259353e-01    1.00000000e+00
1  0
    1.66743171e-01    1.00000000e+00
1  0
    1.24839453e-01    1.00000000e+00
1  0
    6.84684300e-02    1.00000000e+00
1  1
    5.39013281e+02    1.00000000e+00
1  1
    1.57631730e+02    1.00000000e+00
1  1
    4.96274538e+01    1.00000000e+00
1  1
    1.94031125e+01    1.00000000e+00
1  1
    7.36585981e+00    1.00000000e+00
1  1
    5.10761864e+00    1.00000000e+00
1  1
    1.68636459e+00    1.00000000e+00
1  1
    1.19295288e+00    1.00000000e+00
1  1
    5.44595488e-01    1.00000000e+00
1  1
    2.16951486e-01    1.00000000e+00
1  1
    1.21383124e-01    1.00000000e+00
1  1
    6.53150807e-02    1.00000000e+00
1  2
    1.32712691e+02    1.00000000e+00
1  2
    3.39326394e+01    1.00000000e+00
1  2
    1.56562650e+01    1.00000000e+00
1  2
    8.15244508e+00    1.00000000e+00
1  2
    4.78339903e+00    1.00000000e+00
1  2
    2.21416483e+00    1.00000000e+00
1  2
    1.56683478e+00    1.00000000e+00
1  2
    7.50682492e-01    1.00000000e+00
1  2
    3.59971882e-01    1.00000000e+00
1  2
    1.57547630e-01    1.00000000e+00
1  3
    6.77513314e+01    1.00000000e+00
1  3
    1.26365723e+01    1.00000000e+00
1  3
    1.09263068e+01    1.00000000e+00
1  3
    5.10918696e+00    1.00000000e+00
1  3
    2.61930812e+00    1.00000000e+00
1  3
    1.47545610e+00    1.00000000e+00
1  3
    7.12556893e-01    1.00000000e+00
1  3
    4.40977705e-01    1.00000000e+00
1  4
    2.72465128e+01    1.00000000e+00
1  4
    9.91015339e+00    1.00000000e+00
1  4
    6.11516188e+00    1.00000000e+00
1  4
    2.77071268e+00    1.00000000e+00
1  4
    1.63122113e+00    1.00000000e+00
1  4
    6.25433873e-01    1.00000000e+00
1  5
    1.29174117e+01    1.00000000e+00
1  5
    6.80098033e+00    1.00000000e+00
1  5
    2.97317571e+00    1.00000000e+00
1  5
    1.13484305e+00    1.00000000e+00
1  6
    1.08065787e+01    1.00000000e+00
1  6
    5.88192727e+00    1.00000000e+00
1  6
    2.88286452e+00    1.00000000e+00
